34694
40856
33409
73243
64598
29305
40615
90997
36720
2696
63173
52316
55342
21288
85530
21928
63213
70940
72283
14190
152
44006
81258
97838
97424
63530
4497
39913
71861
86162
90651
75217
32275
10955
84080
45112
8523
58604
92523
93194
64477
14838
12090
48375
85967
86583
28818
54056
46877
11593
54668
2835
50845
503
66079
1770
64365
6176
4763
48717
23067
89076
26079
15744
46705
67227
69848
19031
8636
57845
48087
76205
13815
10396
55150
92212
15385
94597
21158
81703
5527
22054
77344
49372
73943
65425
4742
16533
84370
76351
49293
96405
50053
74504
47466
53007
12053
3630
4654
65146
